5.842450299999999697e+04 1.245999999999999996e+00 1.700000000000000122e-02
5.842548000000000320e+04 1.247999999999999998e+00 2.000000000000000042e-02
5.842648900000000140e+04 1.223999999999999977e+00 1.499999999999999944e-02
5.842748500000000058e+04 1.227999999999999980e+00 1.799999999999999864e-02
5.842947400000000198e+04 1.233999999999999986e+00 1.400000000000000029e-02
5.843048000000000320e+04 1.225000000000000089e+00 1.400000000000000029e-02
5.843145700000000215e+04 1.229999999999999982e+00 1.499999999999999944e-02
5.843645500000000175e+04 1.195999999999999952e+00 1.600000000000000033e-02
5.843749500000000262e+04 1.215000000000000080e+00 1.600000000000000033e-02
5.843843899999999849e+04 1.193999999999999950e+00 1.400000000000000029e-02
5.843943699999999808e+04 1.161000000000000032e+00 1.700000000000000122e-02
5.844143499999999767e+04 1.201000000000000068e+00 1.400000000000000029e-02
5.844246699999999691e+04 1.187999999999999945e+00 1.899999999999999953e-02
5.844342899999999645e+04 1.211999999999999966e+00 1.499999999999999944e-02
5.844746199999999953e+04 1.207000000000000073e+00 1.079999999999999988e-01
5.844945100000000093e+04 1.239999999999999991e+00 1.499999999999999944e-02
5.845046300000000338e+04 1.211000000000000076e+00 1.600000000000000033e-02
5.845141300000000047e+04 1.219999999999999973e+00 1.499999999999999944e-02
5.845644299999999930e+04 1.219000000000000083e+00 1.400000000000000029e-02
5.846641300000000047e+04 1.229000000000000092e+00 1.299999999999999940e-02
5.846733000000000175e+04 1.231999999999999984e+00 7.000000000000000146e-03
5.847137799999999697e+04 1.225000000000000089e+00 1.799999999999999864e-02
5.847240899999999965e+04 1.233999999999999986e+00 1.499999999999999944e-02
5.847338599999999860e+04 1.239000000000000101e+00 1.700000000000000122e-02
5.847352599999999802e+04 1.211999999999999966e+00 7.000000000000000146e-03
5.847433600000000297e+04 1.185000000000000053e+00 5.299999999999999850e-02
5.847536899999999878e+04 1.183000000000000052e+00 1.499999999999999944e-02
5.847537099999999919e+04 1.207999999999999963e+00 1.899999999999999953e-02
5.847638100000000122e+04 1.219999999999999973e+00 1.700000000000000122e-02
5.847640600000000268e+04 1.215999999999999970e+00 1.299999999999999940e-02
5.847733899999999994e+04 1.167000000000000037e+00 1.899999999999999953e-02
5.847735100000000239e+04 1.209000000000000075e+00 1.299999999999999940e-02
5.847836200000000099e+04 1.175999999999999934e+00 1.099999999999999936e-02
5.848034999999999854e+04 1.203000000000000069e+00 8.000000000000000167e-03
5.848346899999999732e+04 1.217999999999999972e+00 4.000000000000000083e-03
5.848601799999999639e+04 1.197999999999999954e+00 1.200000000000000025e-02
5.848646600000000035e+04 1.211000000000000076e+00 5.000000000000000104e-03
5.848700499999999738e+04 1.197999999999999954e+00 1.299999999999999940e-02
5.848727900000000227e+04 1.213000000000000078e+00 6.000000000000000125e-03
5.848734799999999814e+04 1.201999999999999957e+00 1.499999999999999944e-02
5.848763599999999860e+04 1.207000000000000073e+00 5.000000000000000104e-03
5.848808299999999872e+04 1.201000000000000068e+00 1.200000000000000025e-02
5.848837799999999697e+04 1.213000000000000078e+00 1.200000000000000025e-02
5.848849199999999837e+04 1.239999999999999991e+00 2.500000000000000139e-02
5.848852399999999761e+04 1.221000000000000085e+00 6.000000000000000125e-03
5.848856500000000233e+04 1.213999999999999968e+00 5.000000000000000104e-03
5.848906900000000314e+04 1.211999999999999966e+00 1.200000000000000025e-02
5.848965499999999884e+04 1.207000000000000073e+00 5.000000000000000104e-03
5.849047400000000198e+04 1.217000000000000082e+00 4.000000000000000083e-03
5.849108200000000215e+04 1.219999999999999973e+00 1.099999999999999936e-02
5.849128800000000047e+04 1.215000000000000080e+00 6.000000000000000125e-03
5.849153100000000268e+04 1.213999999999999968e+00 4.000000000000000083e-03
5.849198799999999756e+04 1.191999999999999948e+00 1.200000000000000025e-02
5.849253899999999703e+04 1.201999999999999957e+00 5.000000000000000104e-03
5.849350499999999738e+04 1.195999999999999952e+00 5.000000000000000104e-03
5.849410300000000279e+04 1.185000000000000053e+00 1.200000000000000025e-02
5.849446800000000076e+04 1.189999999999999947e+00 5.000000000000000104e-03
5.849525899999999820e+04 1.201000000000000068e+00 6.000000000000000125e-03
5.849597899999999936e+04 1.193999999999999950e+00 1.200000000000000025e-02
5.849646800000000076e+04 1.205000000000000071e+00 5.000000000000000104e-03
5.849694799999999668e+04 1.181999999999999940e+00 1.299999999999999940e-02
5.849749199999999837e+04 1.213999999999999968e+00 4.000000000000000083e-03
5.849802100000000064e+04 1.203000000000000069e+00 1.200000000000000025e-02
5.849824599999999919e+04 1.213999999999999968e+00 1.000000000000000021e-02
5.849894000000000233e+04 1.217999999999999972e+00 1.200000000000000025e-02
5.849944299999999930e+04 1.223000000000000087e+00 5.000000000000000104e-03
5.850044299999999930e+04 1.241000000000000103e+00 8.000000000000000167e-03
5.850046300000000338e+04 1.237000000000000099e+00 4.000000000000000083e-03
5.850058899999999994e+04 1.237000000000000099e+00 4.000000000000000083e-03
5.850234999999999854e+04 1.225999999999999979e+00 1.400000000000000029e-02
5.850244400000000314e+04 1.237000000000000099e+00 6.000000000000000125e-03
5.850303600000000006e+04 1.235000000000000098e+00 1.200000000000000025e-02
5.850330099999999948e+04 1.213999999999999968e+00 1.499999999999999944e-02
5.850330700000000070e+04 1.243999999999999995e+00 8.000000000000000167e-03
5.850343000000000029e+04 1.243000000000000105e+00 5.000000000000000104e-03
5.850352799999999843e+04 1.264999999999999902e+00 1.700000000000000122e-02
5.850408099999999831e+04 1.227000000000000091e+00 1.299999999999999940e-02
5.850444099999999889e+04 1.310000000000000053e+00 2.599999999999999881e-02
5.850447299999999814e+04 1.237000000000000099e+00 5.000000000000000104e-03
5.850451999999999680e+04 1.223000000000000087e+00 2.800000000000000058e-02
5.850539600000000064e+04 1.245000000000000107e+00 5.000000000000000104e-03
5.850544999999999709e+04 1.245999999999999996e+00 6.000000000000000125e-03
5.850548399999999674e+04 1.254999999999999893e+00 8.999999999999999320e-03
5.850647400000000198e+04 1.252000000000000002e+00 4.000000000000000083e-03
5.850650299999999697e+04 1.252000000000000002e+00 6.000000000000000125e-03
5.850701600000000326e+04 1.245999999999999996e+00 1.200000000000000025e-02
5.850729800000000250e+04 1.237999999999999989e+00 8.000000000000000167e-03
5.850734199999999691e+04 1.237999999999999989e+00 6.000000000000000125e-03
5.850739100000000326e+04 1.254999999999999893e+00 5.000000000000000104e-03
5.850804200000000128e+04 1.235000000000000098e+00 1.200000000000000025e-02
5.850822699999999895e+04 1.252000000000000002e+00 6.000000000000000125e-03
5.850829299999999785e+04 1.243999999999999995e+00 8.000000000000000167e-03
5.850848999999999796e+04 1.262999999999999901e+00 5.000000000000000104e-03
5.850930299999999988e+04 1.274999999999999911e+00 8.000000000000000167e-03
5.850941900000000169e+04 1.272999999999999909e+00 7.000000000000000146e-03
5.850998099999999977e+04 1.221999999999999975e+00 2.999999999999999889e-02
5.851026499999999942e+04 1.266000000000000014e+00 7.000000000000000146e-03
5.851047400000000198e+04 1.290000000000000036e+00 6.000000000000000125e-03
5.851047499999999854e+04 1.278000000000000025e+00 5.000000000000000104e-03
5.851121800000000076e+04 1.290999999999999925e+00 1.200000000000000025e-02
5.851126600000000326e+04 1.274999999999999911e+00 7.000000000000000146e-03
5.851228500000000349e+04 1.302000000000000046e+00 2.299999999999999961e-02
5.851316399999999703e+04 1.284999999999999920e+00 1.200000000000000025e-02
5.851402999999999884e+04 1.288999999999999924e+00 1.200000000000000025e-02
5.851452599999999802e+04 1.298000000000000043e+00 7.000000000000000146e-03
5.851499399999999878e+04 1.286999999999999922e+00 1.200000000000000025e-02
5.851520500000000175e+04 1.286000000000000032e+00 5.000000000000000104e-03
5.851531199999999808e+04 1.284999999999999920e+00 6.000000000000000125e-03
5.851617799999999988e+04 1.278000000000000025e+00 1.099999999999999936e-02
5.851630299999999988e+04 1.264999999999999902e+00 6.000000000000000125e-03
5.851642899999999645e+04 1.268999999999999906e+00 5.000000000000000104e-03
5.851701000000000204e+04 1.266000000000000014e+00 1.099999999999999936e-02
5.851811699999999837e+04 1.262999999999999901e+00 1.200000000000000025e-02
5.851831700000000274e+04 1.260999999999999899e+00 1.099999999999999936e-02
5.851836099999999715e+04 1.264000000000000012e+00 5.000000000000000104e-03
5.851894499999999971e+04 1.264999999999999902e+00 1.200000000000000025e-02
5.851952100000000064e+04 1.264000000000000012e+00 5.000000000000000104e-03
5.851995500000000175e+04 1.266000000000000014e+00 1.099999999999999936e-02
5.852093499999999767e+04 1.302999999999999936e+00 1.299999999999999940e-02
5.852140299999999843e+04 1.322000000000000064e+00 8.000000000000000167e-03
5.852148300000000017e+04 1.264000000000000012e+00 5.000000000000000104e-03
5.852228800000000047e+04 1.282999999999999918e+00 6.000000000000000125e-03
5.852300899999999820e+04 1.282999999999999918e+00 1.200000000000000025e-02
5.852323500000000058e+04 1.282999999999999918e+00 5.000000000000000104e-03
5.852404299999999785e+04 1.282999999999999918e+00 1.200000000000000025e-02
5.852493000000000029e+04 1.284999999999999920e+00 1.200000000000000025e-02
5.852626299999999901e+04 1.300999999999999934e+00 6.000000000000000125e-03
5.852647600000000239e+04 1.326999999999999957e+00 6.000000000000000125e-03
5.852691999999999825e+04 1.288000000000000034e+00 1.299999999999999940e-02
5.852718699999999808e+04 1.308000000000000052e+00 6.000000000000000125e-03
5.852720100000000093e+04 1.318999999999999950e+00 1.099999999999999936e-02
5.852790499999999884e+04 1.312000000000000055e+00 1.299999999999999940e-02
5.852821399999999994e+04 1.326000000000000068e+00 1.000000000000000021e-02
5.852946199999999953e+04 1.312999999999999945e+00 7.000000000000000146e-03
5.853017199999999866e+04 1.322999999999999954e+00 8.000000000000000167e-03
5.853136000000000058e+04 1.334000000000000075e+00 1.299999999999999940e-02
5.853137400000000343e+04 1.306999999999999940e+00 6.000000000000000125e-03
5.853216300000000047e+04 1.300000000000000044e+00 2.000000000000000042e-02
5.853220100000000093e+04 1.290000000000000036e+00 8.999999999999999320e-03
5.853315400000000227e+04 1.282999999999999918e+00 1.700000000000000122e-02
5.853434199999999691e+04 1.300000000000000044e+00 8.000000000000000167e-03
5.853434300000000076e+04 1.310000000000000053e+00 1.200000000000000025e-02
5.853502999999999884e+04 1.290000000000000036e+00 1.200000000000000025e-02
5.853520100000000093e+04 1.270999999999999908e+00 1.000000000000000021e-02
5.853587200000000303e+04 1.290000000000000036e+00 1.200000000000000025e-02
5.853619799999999668e+04 1.298000000000000043e+00 6.000000000000000125e-03
5.853809100000000035e+04 1.304000000000000048e+00 1.299999999999999940e-02
5.853819700000000012e+04 1.292000000000000037e+00 7.000000000000000146e-03
5.853832699999999750e+04 1.286000000000000032e+00 5.000000000000000104e-03
5.853902799999999843e+04 1.284000000000000030e+00 1.200000000000000025e-02
5.853924599999999919e+04 1.282000000000000028e+00 7.000000000000000146e-03
5.853937799999999697e+04 1.300999999999999934e+00 6.000000000000000125e-03
5.854027799999999843e+04 1.274999999999999911e+00 5.000000000000000104e-03
5.854045799999999872e+04 1.278000000000000025e+00 5.000000000000000104e-03
5.854226200000000244e+04 1.252999999999999892e+00 7.000000000000000146e-03
5.854246499999999651e+04 1.268999999999999906e+00 5.000000000000000104e-03
5.854323000000000320e+04 1.237999999999999989e+00 6.000000000000000125e-03
5.854323599999999715e+04 1.254000000000000004e+00 5.000000000000000104e-03
5.854353300000000309e+04 1.262000000000000011e+00 7.000000000000000146e-03
5.854417399999999907e+04 1.245000000000000107e+00 8.999999999999999320e-03
5.854419099999999889e+04 1.254999999999999893e+00 6.000000000000000125e-03
5.854438199999999779e+04 1.260000000000000009e+00 4.000000000000000083e-03
5.854505900000000111e+04 1.270999999999999908e+00 1.099999999999999936e-02
5.854514400000000023e+04 1.205000000000000071e+00 2.500000000000000139e-02
5.854544299999999930e+04 1.250000000000000000e+00 4.000000000000000083e-03
5.854588399999999820e+04 1.233999999999999986e+00 1.200000000000000025e-02
5.854620900000000256e+04 1.245000000000000107e+00 8.000000000000000167e-03
5.854641000000000349e+04 1.245999999999999996e+00 8.000000000000000167e-03
5.854688599999999860e+04 1.243999999999999995e+00 1.200000000000000025e-02
5.854729600000000210e+04 1.241999999999999993e+00 7.000000000000000146e-03
5.854734100000000035e+04 1.256000000000000005e+00 4.000000000000000083e-03
5.854790499999999884e+04 1.241000000000000103e+00 1.099999999999999936e-02
5.854817100000000210e+04 1.243000000000000105e+00 1.600000000000000033e-02
5.854854800000000250e+04 1.247999999999999998e+00 2.900000000000000147e-02
5.854889800000000105e+04 1.225000000000000089e+00 1.200000000000000025e-02
5.854913399999999820e+04 1.221999999999999975e+00 5.000000000000000104e-03
5.854920100000000093e+04 1.215999999999999970e+00 7.000000000000000146e-03
5.855029699999999866e+04 1.233999999999999986e+00 5.000000000000000104e-03
5.855036200000000099e+04 1.213999999999999968e+00 1.499999999999999944e-02
5.855142500000000291e+04 1.241999999999999993e+00 8.000000000000000167e-03
5.855253500000000349e+04 1.219000000000000083e+00 5.000000000000000104e-03
5.855315600000000268e+04 1.211999999999999966e+00 8.999999999999999320e-03
5.855442399999999907e+04 1.268000000000000016e+00 1.000000000000000021e-02
5.855488999999999942e+04 1.219000000000000083e+00 1.200000000000000025e-02
5.855537799999999697e+04 1.223000000000000087e+00 4.000000000000000083e-03
5.855590699999999924e+04 1.264999999999999902e+00 1.099999999999999936e-02
5.855636499999999796e+04 1.219999999999999973e+00 5.000000000000000104e-03
5.855646300000000338e+04 1.233999999999999986e+00 1.299999999999999940e-02
5.855686899999999878e+04 1.250999999999999890e+00 1.200000000000000025e-02
5.855715499999999884e+04 1.205999999999999961e+00 6.000000000000000125e-03
5.855729600000000210e+04 1.229000000000000092e+00 5.000000000000000104e-03
5.855787299999999959e+04 1.252999999999999892e+00 1.200000000000000025e-02
5.855843600000000151e+04 1.239999999999999991e+00 5.000000000000000104e-03
5.855848799999999756e+04 1.237000000000000099e+00 5.000000000000000104e-03
5.855887700000000041e+04 1.282000000000000028e+00 1.200000000000000025e-02
5.855928500000000349e+04 1.254000000000000004e+00 8.999999999999999320e-03
5.855929099999999744e+04 1.245999999999999996e+00 5.000000000000000104e-03
5.855985700000000361e+04 1.227999999999999980e+00 1.799999999999999864e-02
5.856016999999999825e+04 1.241000000000000103e+00 1.600000000000000033e-02
5.856025699999999779e+04 1.262999999999999901e+00 1.099999999999999936e-02
5.856044099999999889e+04 1.264000000000000012e+00 5.000000000000000104e-03
5.856086400000000140e+04 1.254999999999999893e+00 1.299999999999999940e-02
5.856109399999999732e+04 1.241000000000000103e+00 8.000000000000000167e-03
5.856124300000000221e+04 1.272000000000000020e+00 5.000000000000000104e-03
5.856134599999999773e+04 1.256000000000000005e+00 8.000000000000000167e-03
5.856188300000000163e+04 1.266000000000000014e+00 1.400000000000000029e-02
5.856215600000000268e+04 1.258999999999999897e+00 7.000000000000000146e-03
5.856224100000000180e+04 1.266000000000000014e+00 5.000000000000000104e-03
5.856245700000000215e+04 1.233999999999999986e+00 1.700000000000000122e-02
5.856286499999999796e+04 1.262000000000000011e+00 1.200000000000000025e-02
5.856324100000000180e+04 1.272999999999999909e+00 5.000000000000000104e-03
5.856339299999999639e+04 1.243000000000000105e+00 2.599999999999999881e-02
5.856388799999999901e+04 1.278999999999999915e+00 1.200000000000000025e-02
5.856428399999999965e+04 1.280999999999999917e+00 1.000000000000000021e-02
5.856433099999999831e+04 1.284999999999999920e+00 5.000000000000000104e-03
5.856489699999999721e+04 1.280000000000000027e+00 1.200000000000000025e-02
5.856515099999999802e+04 1.276999999999999913e+00 8.000000000000000167e-03
5.856525099999999657e+04 1.288999999999999924e+00 5.000000000000000104e-03
5.856592500000000291e+04 1.278999999999999915e+00 1.200000000000000025e-02
5.856609599999999773e+04 1.272000000000000020e+00 5.000000000000000104e-03
5.856615099999999802e+04 1.266999999999999904e+00 7.000000000000000146e-03
5.856626000000000204e+04 1.296999999999999931e+00 1.400000000000000029e-02
5.856714499999999680e+04 1.258999999999999897e+00 1.200000000000000025e-02
5.856814400000000023e+04 1.247999999999999998e+00 5.000000000000000104e-03
5.856815200000000186e+04 1.233999999999999986e+00 8.000000000000000167e-03
5.856843400000000111e+04 1.262999999999999901e+00 5.000000000000000104e-03
5.856913300000000163e+04 1.239000000000000101e+00 1.099999999999999936e-02
5.857017700000000332e+04 1.225000000000000089e+00 1.099999999999999936e-02
5.857030500000000029e+04 1.241999999999999993e+00 4.000000000000000083e-03
5.857118800000000192e+04 1.209999999999999964e+00 7.000000000000000146e-03
5.857123999999999796e+04 1.233999999999999986e+00 4.000000000000000083e-03
5.857147600000000239e+04 1.233999999999999986e+00 4.000000000000000083e-03
5.857214800000000105e+04 1.211000000000000076e+00 8.999999999999999320e-03
5.857414600000000064e+04 1.247999999999999998e+00 1.099999999999999936e-02
5.857435899999999674e+04 1.193000000000000060e+00 6.000000000000000125e-03
5.857517199999999866e+04 1.185999999999999943e+00 8.999999999999999320e-03
5.857620900000000256e+04 1.207000000000000073e+00 7.000000000000000146e-03
5.857629800000000250e+04 1.201999999999999957e+00 5.000000000000000104e-03
5.857635899999999674e+04 1.227000000000000091e+00 6.000000000000000125e-03
5.857714699999999721e+04 1.205000000000000071e+00 7.000000000000000146e-03
5.857813399999999820e+04 1.203000000000000069e+00 8.000000000000000167e-03
5.857915499999999884e+04 1.205000000000000071e+00 7.000000000000000146e-03
5.857926999999999680e+04 1.213999999999999968e+00 5.000000000000000104e-03
5.858013500000000204e+04 1.209000000000000075e+00 7.000000000000000146e-03
5.858045799999999872e+04 1.211000000000000076e+00 5.000000000000000104e-03
5.858115600000000268e+04 1.223999999999999977e+00 7.000000000000000146e-03
5.858215600000000268e+04 1.231999999999999984e+00 7.000000000000000146e-03
5.858223500000000058e+04 1.247000000000000108e+00 5.000000000000000104e-03
5.858326200000000244e+04 1.249000000000000110e+00 5.000000000000000104e-03
5.858391500000000087e+04 1.256000000000000005e+00 1.099999999999999936e-02
5.858430599999999686e+04 1.245999999999999996e+00 7.000000000000000146e-03
5.858486499999999796e+04 1.256999999999999895e+00 1.200000000000000025e-02
5.858634100000000035e+04 1.258000000000000007e+00 1.000000000000000021e-02
5.858688100000000122e+04 1.270000000000000018e+00 1.200000000000000025e-02
5.858717799999999988e+04 1.266000000000000014e+00 8.000000000000000167e-03
5.858787200000000303e+04 1.235999999999999988e+00 1.299999999999999940e-02
5.858816900000000169e+04 1.254000000000000004e+00 7.000000000000000146e-03
5.858833099999999831e+04 1.233000000000000096e+00 5.000000000000000104e-03
5.858887500000000000e+04 1.217999999999999972e+00 1.200000000000000025e-02
5.858927700000000186e+04 1.223999999999999977e+00 5.000000000000000104e-03
5.858934999999999854e+04 1.243000000000000105e+00 1.200000000000000025e-02
5.858986299999999756e+04 1.276999999999999913e+00 2.199999999999999872e-02
5.859010800000000017e+04 1.235999999999999988e+00 7.000000000000000146e-03
5.859020799999999872e+04 1.243999999999999995e+00 8.000000000000000167e-03
5.859033600000000297e+04 1.231000000000000094e+00 5.000000000000000104e-03
5.859089600000000064e+04 1.249000000000000110e+00 1.200000000000000025e-02
5.859115899999999965e+04 1.231999999999999984e+00 8.999999999999999320e-03
5.859127700000000186e+04 1.235000000000000098e+00 5.000000000000000104e-03
5.859216000000000349e+04 1.231999999999999984e+00 8.999999999999999320e-03
5.859230000000000291e+04 1.201999999999999957e+00 5.000000000000000104e-03
5.859289800000000105e+04 1.221999999999999975e+00 1.200000000000000025e-02
5.859316900000000169e+04 1.223000000000000087e+00 8.000000000000000167e-03
5.859323099999999977e+04 1.221999999999999975e+00 7.000000000000000146e-03
5.859334399999999732e+04 1.227000000000000091e+00 5.000000000000000104e-03
5.859390200000000186e+04 1.221000000000000085e+00 1.200000000000000025e-02
5.859416999999999825e+04 1.211999999999999966e+00 8.000000000000000167e-03
5.859491700000000128e+04 1.237000000000000099e+00 1.099999999999999936e-02
5.859519200000000274e+04 1.213999999999999968e+00 1.299999999999999940e-02
5.859540899999999965e+04 1.227999999999999980e+00 5.000000000000000104e-03
5.859591100000000006e+04 1.243000000000000105e+00 1.099999999999999936e-02
5.859629099999999744e+04 1.250000000000000000e+00 6.000000000000000125e-03
5.859712099999999919e+04 1.243999999999999995e+00 6.000000000000000125e-03
5.859724799999999959e+04 1.268000000000000016e+00 8.000000000000000167e-03
5.859730200000000332e+04 1.254999999999999893e+00 4.000000000000000083e-03
5.859817300000000250e+04 1.241999999999999993e+00 5.000000000000000104e-03
5.859818400000000111e+04 1.276000000000000023e+00 7.000000000000000146e-03
5.859838100000000122e+04 1.250999999999999890e+00 5.000000000000000104e-03
5.859919900000000052e+04 1.272000000000000020e+00 7.000000000000000146e-03
5.859924700000000303e+04 1.256000000000000005e+00 5.000000000000000104e-03
5.860019900000000052e+04 1.276000000000000023e+00 8.000000000000000167e-03
5.860215499999999884e+04 1.252999999999999892e+00 8.000000000000000167e-03
5.860318800000000192e+04 1.276999999999999913e+00 8.000000000000000167e-03
5.860420999999999913e+04 1.258999999999999897e+00 7.000000000000000146e-03
5.860425200000000041e+04 1.243999999999999995e+00 6.000000000000000125e-03
5.860513900000000285e+04 1.229999999999999982e+00 5.000000000000000104e-03
5.860519000000000233e+04 1.258999999999999897e+00 8.000000000000000167e-03
5.860524799999999959e+04 1.237999999999999989e+00 4.000000000000000083e-03
5.860716700000000128e+04 1.243000000000000105e+00 7.000000000000000146e-03
5.860726000000000204e+04 1.237999999999999989e+00 6.000000000000000125e-03
5.860728199999999924e+04 1.233000000000000096e+00 4.000000000000000083e-03
5.860822200000000157e+04 1.237000000000000099e+00 8.000000000000000167e-03
5.860914899999999761e+04 1.239999999999999991e+00 8.999999999999999320e-03
5.860926000000000204e+04 1.229999999999999982e+00 6.000000000000000125e-03
5.861018299999999726e+04 1.233999999999999986e+00 1.200000000000000025e-02
5.861025000000000000e+04 1.221000000000000085e+00 4.000000000000000083e-03
5.861115899999999965e+04 1.223000000000000087e+00 6.000000000000000125e-03
5.861123599999999715e+04 1.231999999999999984e+00 7.000000000000000146e-03
5.861132699999999750e+04 1.219999999999999973e+00 5.000000000000000104e-03
5.861217300000000250e+04 1.217000000000000082e+00 6.000000000000000125e-03
5.861235599999999977e+04 1.209000000000000075e+00 5.000000000000000104e-03
5.861517599999999948e+04 1.207999999999999963e+00 1.200000000000000025e-02
5.861533800000000338e+04 1.211999999999999966e+00 5.000000000000000104e-03
5.861716999999999825e+04 1.179000000000000048e+00 8.999999999999999320e-03
5.861817599999999948e+04 1.215999999999999970e+00 1.099999999999999936e-02
5.861832200000000012e+04 1.191999999999999948e+00 5.000000000000000104e-03
5.861918200000000070e+04 1.183999999999999941e+00 1.299999999999999940e-02
5.861931900000000314e+04 1.197000000000000064e+00 5.000000000000000104e-03
5.862020199999999750e+04 1.171000000000000041e+00 8.999999999999999320e-03
5.862123200000000361e+04 1.199999999999999956e+00 1.099999999999999936e-02
5.862217799999999988e+04 1.201000000000000068e+00 1.400000000000000029e-02
5.862222499999999854e+04 1.235000000000000098e+00 8.000000000000000167e-03
5.862320700000000215e+04 1.239999999999999991e+00 7.000000000000000146e-03
5.862519000000000233e+04 1.233000000000000096e+00 6.000000000000000125e-03
5.862523000000000320e+04 1.245000000000000107e+00 8.000000000000000167e-03
5.862618699999999808e+04 1.247000000000000108e+00 8.000000000000000167e-03
5.862712900000000081e+04 1.254999999999999893e+00 5.000000000000000104e-03
5.862716700000000128e+04 1.237999999999999989e+00 7.000000000000000146e-03
5.862725600000000122e+04 1.254999999999999893e+00 4.000000000000000083e-03
5.862818499999999767e+04 1.276999999999999913e+00 8.000000000000000167e-03
5.862927300000000105e+04 1.264000000000000012e+00 5.000000000000000104e-03
5.863018800000000192e+04 1.268999999999999906e+00 8.000000000000000167e-03
5.863028600000000006e+04 1.260000000000000009e+00 5.000000000000000104e-03
5.863119900000000052e+04 1.264999999999999902e+00 6.000000000000000125e-03
5.863125800000000163e+04 1.258999999999999897e+00 5.000000000000000104e-03
5.863216799999999785e+04 1.290999999999999925e+00 2.100000000000000130e-02
5.863312900000000081e+04 1.237000000000000099e+00 6.000000000000000125e-03
5.863319000000000233e+04 1.286000000000000032e+00 8.000000000000000167e-03
5.863330099999999948e+04 1.256999999999999895e+00 4.000000000000000083e-03
5.863928600000000006e+04 1.260999999999999899e+00 5.000000000000000104e-03
5.864118200000000070e+04 1.262999999999999901e+00 6.000000000000000125e-03
5.864216900000000169e+04 1.278999999999999915e+00 6.000000000000000125e-03
5.864315699999999924e+04 1.286999999999999922e+00 6.000000000000000125e-03
5.864329000000000087e+04 1.264999999999999902e+00 5.000000000000000104e-03
5.864427300000000105e+04 1.264000000000000012e+00 5.000000000000000104e-03
5.864528300000000309e+04 1.258000000000000007e+00 5.000000000000000104e-03
5.864915400000000227e+04 1.256999999999999895e+00 7.000000000000000146e-03
5.864926299999999901e+04 1.243000000000000105e+00 5.000000000000000104e-03
5.865013799999999901e+04 1.262000000000000011e+00 7.000000000000000146e-03
5.865026999999999680e+04 1.250000000000000000e+00 5.000000000000000104e-03
5.865113799999999901e+04 1.260999999999999899e+00 7.000000000000000146e-03
5.865126900000000023e+04 1.250999999999999890e+00 5.000000000000000104e-03
5.865213799999999901e+04 1.227000000000000091e+00 6.000000000000000125e-03
5.865314600000000064e+04 1.213999999999999968e+00 1.099999999999999936e-02
5.865326400000000285e+04 1.247000000000000108e+00 5.000000000000000104e-03
