5.848435100000000239e+04 1.762000000000000011e+00 1.019999999999999934e-01
5.848481799999999930e+04 1.747000000000000108e+00 1.059999999999999970e-01
5.848514299999999639e+04 1.752999999999999892e+00 8.999999999999999667e-02
5.848593699999999808e+04 1.818999999999999950e+00 1.010000000000000064e-01
5.848606900000000314e+04 1.639999999999999902e+00 8.799999999999999489e-02
5.848772499999999854e+04 1.842999999999999972e+00 9.099999999999999756e-02
5.848819700000000012e+04 1.602000000000000091e+00 8.599999999999999312e-02
5.848879699999999866e+04 1.820000000000000062e+00 9.299999999999999933e-02
5.848978300000000309e+04 1.737000000000000099e+00 9.400000000000000022e-02
5.849071899999999732e+04 1.830999999999999961e+00 9.500000000000000111e-02
5.849104699999999866e+04 1.846999999999999975e+00 9.500000000000000111e-02
5.849164400000000023e+04 1.796999999999999931e+00 9.299999999999999933e-02
5.849204299999999785e+04 1.762000000000000011e+00 9.199999999999999845e-02
5.849263599999999860e+04 1.729000000000000092e+00 9.299999999999999933e-02
5.849323399999999674e+04 1.721999999999999975e+00 9.500000000000000111e-02
5.849397699999999895e+04 1.772999999999999909e+00 9.299999999999999933e-02
5.849429600000000210e+04 1.673999999999999932e+00 9.500000000000000111e-02
5.849482800000000134e+04 1.558000000000000052e+00 8.599999999999999312e-02
5.849503300000000309e+04 1.749000000000000110e+00 8.999999999999999667e-02
5.849622099999999773e+04 1.852000000000000091e+00 1.029999999999999943e-01
5.849681999999999971e+04 1.657999999999999918e+00 8.999999999999999667e-02
5.849827999999999884e+04 1.790000000000000036e+00 1.010000000000000064e-01
5.849887799999999697e+04 1.830999999999999961e+00 9.299999999999999933e-02
5.849987299999999959e+04 1.816999999999999948e+00 9.099999999999999756e-02
5.850020599999999831e+04 1.957999999999999963e+00 9.900000000000000466e-02
5.850067899999999645e+04 1.760999999999999899e+00 8.799999999999999489e-02
5.850106799999999930e+04 1.856999999999999984e+00 9.500000000000000111e-02
5.850167199999999866e+04 1.937999999999999945e+00 9.500000000000000111e-02
5.850206500000000233e+04 1.754999999999999893e+00 9.199999999999999845e-02
5.850279400000000169e+04 1.810999999999999943e+00 9.299999999999999933e-02
5.850305999999999767e+04 1.758999999999999897e+00 9.400000000000000022e-02
5.850379099999999744e+04 1.816999999999999948e+00 9.600000000000000200e-02
5.850425600000000122e+04 1.806999999999999940e+00 9.199999999999999845e-02
5.850591500000000087e+04 1.905000000000000027e+00 9.500000000000000111e-02
5.850631300000000192e+04 1.977999999999999980e+00 9.600000000000000200e-02
5.850691100000000006e+04 1.895000000000000018e+00 9.500000000000000111e-02
5.850783999999999651e+04 1.794999999999999929e+00 9.500000000000000111e-02
5.850824300000000221e+04 1.735000000000000098e+00 1.029999999999999943e-01
5.850884700000000157e+04 1.858999999999999986e+00 9.600000000000000200e-02
5.850923799999999756e+04 2.000000000000000000e+00 9.900000000000000466e-02
5.850977999999999884e+04 1.979000000000000092e+00 9.900000000000000466e-02
5.851083899999999994e+04 2.052000000000000046e+00 9.900000000000000466e-02
5.851122899999999936e+04 2.044999999999999929e+00 1.010000000000000064e-01
5.851176999999999680e+04 1.800999999999999934e+00 9.700000000000000289e-02
5.851242799999999988e+04 1.973999999999999977e+00 9.800000000000000377e-02
5.851289699999999721e+04 1.939000000000000057e+00 9.700000000000000289e-02
5.851434700000000157e+04 1.790999999999999925e+00 9.500000000000000111e-02
5.851467899999999645e+04 1.955000000000000071e+00 1.019999999999999934e-01
5.851634100000000035e+04 1.848999999999999977e+00 9.299999999999999933e-02
5.851688300000000163e+04 1.842999999999999972e+00 9.299999999999999933e-02
5.851833600000000297e+04 1.858999999999999986e+00 9.400000000000000022e-02
5.851880900000000111e+04 1.860000000000000098e+00 9.500000000000000111e-02
5.851939800000000105e+04 1.917999999999999927e+00 9.199999999999999845e-02
5.851986299999999756e+04 1.750999999999999890e+00 9.500000000000000111e-02
5.852039499999999680e+04 1.933999999999999941e+00 9.199999999999999845e-02
5.852086099999999715e+04 1.808999999999999941e+00 9.400000000000000022e-02
5.852139699999999721e+04 1.866999999999999993e+00 9.199999999999999845e-02
5.852179200000000128e+04 1.820999999999999952e+00 9.500000000000000111e-02
5.852239199999999983e+04 1.889000000000000012e+00 9.099999999999999756e-02
5.852338799999999901e+04 1.816999999999999948e+00 8.799999999999999489e-02
5.852372000000000116e+04 1.812000000000000055e+00 9.400000000000000022e-02
5.852438500000000204e+04 1.786999999999999922e+00 8.999999999999999667e-02
5.852471600000000035e+04 2.076000000000000068e+00 1.010000000000000064e-01
5.852544799999999668e+04 1.953999999999999959e+00 9.700000000000000289e-02
5.852564600000000064e+04 1.844000000000000083e+00 9.299999999999999933e-02
5.852737400000000343e+04 1.993999999999999995e+00 9.600000000000000200e-02
5.852770599999999831e+04 2.008000000000000007e+00 9.600000000000000200e-02
5.852818299999999726e+04 1.959999999999999964e+00 1.079999999999999988e-01
5.852883600000000297e+04 1.969999999999999973e+00 1.029999999999999943e-01
5.852997200000000157e+04 1.925999999999999934e+00 1.069999999999999979e-01
5.853076099999999860e+04 1.917000000000000037e+00 9.199999999999999845e-02
5.853150000000000000e+04 1.971000000000000085e+00 8.599999999999999312e-02
5.853175600000000122e+04 1.995999999999999996e+00 9.800000000000000377e-02
5.853275499999999738e+04 1.939000000000000057e+00 1.039999999999999952e-01
5.853302500000000146e+04 1.893999999999999906e+00 9.299999999999999933e-02
5.853408499999999913e+04 2.075000000000000178e+00 1.429999999999999882e-01
5.853434700000000157e+04 1.747999999999999998e+00 1.280000000000000027e-01
5.853474500000000262e+04 1.951999999999999957e+00 9.500000000000000111e-02
5.853520900000000256e+04 1.913000000000000034e+00 9.700000000000000289e-02
5.853574399999999878e+04 1.721999999999999975e+00 8.799999999999999489e-02
5.853626999999999680e+04 1.973000000000000087e+00 9.800000000000000377e-02
5.853674399999999878e+04 1.895000000000000018e+00 9.600000000000000200e-02
5.853719999999999709e+04 1.953999999999999959e+00 9.700000000000000289e-02
5.853766500000000087e+04 2.001999999999999780e+00 9.600000000000000200e-02
5.853819499999999971e+04 1.891999999999999904e+00 1.059999999999999970e-01
5.853866000000000349e+04 1.832000000000000073e+00 9.099999999999999756e-02
5.853919099999999889e+04 1.953000000000000069e+00 9.400000000000000022e-02
5.853972299999999814e+04 1.899999999999999911e+00 9.299999999999999933e-02
5.854018600000000151e+04 2.000999999999999890e+00 1.049999999999999961e-01
5.854112599999999657e+04 1.834000000000000075e+00 9.400000000000000022e-02
5.854164800000000105e+04 1.848999999999999977e+00 9.099999999999999756e-02
5.854224300000000221e+04 1.756000000000000005e+00 9.900000000000000466e-02
5.854270999999999913e+04 1.689000000000000057e+00 8.799999999999999489e-02
5.854330700000000070e+04 1.945999999999999952e+00 9.600000000000000200e-02
5.854397200000000157e+04 1.937999999999999945e+00 9.900000000000000466e-02
5.854404800000000250e+04 1.877999999999999892e+00 9.400000000000000022e-02
5.854490200000000186e+04 1.812000000000000055e+00 9.299999999999999933e-02
5.854530500000000029e+04 1.917999999999999927e+00 9.900000000000000466e-02
5.854562999999999738e+04 1.949999999999999956e+00 9.299999999999999933e-02
5.854616100000000006e+04 1.582000000000000073e+00 9.099999999999999756e-02
5.854669200000000274e+04 1.840000000000000080e+00 9.099999999999999756e-02
5.854715800000000309e+04 1.808999999999999941e+00 9.199999999999999845e-02
5.854795500000000175e+04 1.826999999999999957e+00 9.500000000000000111e-02
5.854815299999999843e+04 1.816999999999999948e+00 9.500000000000000111e-02
5.854894999999999709e+04 1.600000000000000089e+00 8.899999999999999578e-02
5.854968000000000029e+04 1.719999999999999973e+00 8.699999999999999400e-02
5.855014400000000023e+04 1.747000000000000108e+00 9.800000000000000377e-02
5.855061000000000058e+04 1.782999999999999918e+00 8.899999999999999578e-02
5.855114100000000326e+04 1.735000000000000098e+00 8.999999999999999667e-02
5.855167100000000210e+04 1.735999999999999988e+00 9.099999999999999756e-02
5.855214400000000023e+04 1.657000000000000028e+00 8.999999999999999667e-02
5.855260100000000239e+04 1.794000000000000039e+00 9.700000000000000289e-02
5.855313999999999942e+04 1.729000000000000092e+00 8.999999999999999667e-02
5.855413199999999779e+04 1.877999999999999892e+00 9.600000000000000200e-02
5.855459700000000157e+04 1.840000000000000080e+00 8.999999999999999667e-02
5.855513100000000122e+04 1.850000000000000089e+00 9.400000000000000022e-02
5.855566199999999662e+04 1.866000000000000103e+00 8.799999999999999489e-02
5.855646199999999953e+04 1.770999999999999908e+00 8.899999999999999578e-02
5.855672000000000116e+04 1.828999999999999959e+00 9.600000000000000200e-02
5.855805000000000291e+04 1.903999999999999915e+00 1.010000000000000064e-01
5.855892100000000210e+04 1.683000000000000052e+00 9.500000000000000111e-02
5.855918000000000029e+04 1.782999999999999918e+00 9.500000000000000111e-02
5.856031300000000192e+04 1.870999999999999996e+00 8.999999999999999667e-02
5.856084500000000116e+04 1.846000000000000085e+00 8.999999999999999667e-02
5.856130900000000111e+04 1.808999999999999941e+00 9.400000000000000022e-02
5.856389699999999721e+04 1.824000000000000066e+00 9.700000000000000289e-02
5.856475200000000041e+04 1.687999999999999945e+00 9.800000000000000377e-02
5.856535599999999977e+04 2.093999999999999861e+00 9.600000000000000200e-02
5.856688799999999901e+04 1.802999999999999936e+00 9.600000000000000200e-02
5.856781700000000274e+04 1.804999999999999938e+00 9.199999999999999845e-02
5.856860199999999895e+04 2.033999999999999808e+00 1.049999999999999961e-01
5.856940899999999965e+04 1.794999999999999929e+00 8.899999999999999578e-02
5.857067100000000210e+04 1.786000000000000032e+00 9.600000000000000200e-02
5.857119700000000012e+04 1.927999999999999936e+00 9.700000000000000289e-02
5.857352300000000105e+04 1.889000000000000012e+00 9.900000000000000466e-02
5.857445399999999790e+04 1.868999999999999995e+00 1.000000000000000056e-01
5.857545599999999831e+04 1.756999999999999895e+00 9.400000000000000022e-02
5.857624900000000343e+04 1.717999999999999972e+00 9.199999999999999845e-02
5.857737799999999697e+04 1.844999999999999973e+00 9.099999999999999756e-02
5.857850699999999779e+04 1.747999999999999998e+00 9.299999999999999933e-02
5.857936899999999878e+04 1.895999999999999908e+00 1.000000000000000056e-01
5.858023300000000017e+04 1.750999999999999890e+00 9.700000000000000289e-02
5.858136200000000099e+04 1.758000000000000007e+00 8.999999999999999667e-02
5.858263500000000204e+04 1.798000000000000043e+00 9.199999999999999845e-02
5.858341999999999825e+04 1.788000000000000034e+00 8.899999999999999578e-02
5.858454899999999907e+04 1.913000000000000034e+00 9.700000000000000289e-02
5.858534500000000116e+04 1.868000000000000105e+00 9.400000000000000022e-02
5.858660700000000361e+04 1.874000000000000110e+00 9.299999999999999933e-02
5.858753699999999662e+04 1.752000000000000002e+00 8.899999999999999578e-02
5.858980299999999988e+04 1.687000000000000055e+00 9.700000000000000289e-02
5.859092700000000332e+04 1.721999999999999975e+00 9.299999999999999933e-02
5.859112000000000262e+04 1.725000000000000089e+00 8.999999999999999667e-02
5.859251499999999942e+04 1.905999999999999917e+00 9.700000000000000289e-02
5.859331599999999889e+04 1.778000000000000025e+00 9.099999999999999756e-02
5.859403899999999703e+04 1.711999999999999966e+00 1.059999999999999970e-01
5.859530200000000332e+04 1.760000000000000009e+00 8.899999999999999578e-02
5.859650000000000000e+04 1.832000000000000073e+00 8.899999999999999578e-02
5.859735899999999674e+04 1.782000000000000028e+00 8.999999999999999667e-02
5.860248200000000361e+04 1.768999999999999906e+00 8.799999999999999489e-02
